pose:
  translation: 
    x: 0.44063869876979065
    y: -0.52613799353724916
    z: 0.15111942785346852
  rotation: 
    x: -0.42235512195020397
    y: -0.40805831844929297
    z: -0.5693193115800504
    w: 0.5753086833768295